ID REDACAO COM QUARTA CORRECAO POREM ESTAO NA N59 LOTE 79 (TERCEIRAS)

(473315,
731973,
788663,
801090,
801438,
801549,
801792,
802124,
802417,
802467,
802533,
798925,
799384,
799693,
799784,
799804,
799879,
799904,
800113,
800129,
800220,
800229,
800395,
800488,
800720,
800895,
793032,
796835,
797328,
797862,
798448,
798768,
593725,
655661,
675732,
720189,
785382,
795043,
796496,
799021,
799105,
799288,
799472,
799522,
799541,
799554,
799588,
799672,
800122,
800356,
800510,
800524,
800574,
800658,
801110,
801127,
801443,
801444,
801476,
801529,
801747,
802031,
802130,
802211,
802598,
793072,
793405,
796883,
797485,
797767,
797817,
797953,
797969,
798019,
798170,
798334,
798554,
798655,
798769,
800958,
599667,
638221,
716636,
768546,
794851,
795787,
796741,
799196,
799247,
799448,
799631,
799949,
800165,
800231,
800250,
800264,
800332,
800349,
800652,
800668,
801017,
801084,
801085,
801269,
801284,
801301,
801303,
801368,
801420,
801668,
801772,
801972,
802290,
802538,
802690,
803140,
783153,
783538,
793580,
796906,
796940,
796992,
797056,
797325,
797409,
797926,
798476,
798513,
420045,
795348,
796377,
796486,
796718,
799160,
799194,
799385,
799553,
799560,
799594,
799601,
799628,
799701,
800405,
803297,
801182,
801191,
801232,
801475,
801673,
801834,
801857,
801975,
802191,
802570,
802577,
802902,
797079,
797947,
797988,
798140,
798306,
798465,
798592,
798617,
798840,
798851,
800698,
800896,
800921,
800955,
801014)